                  Temp     Hi    Low   Out    Dew  Wind  Wind   Wind    Hi    Hi   Wind   Heat    THW                Rain    Heat    Cool    In     In    In     In     In   In Air  Wind  Wind    ISS   Arc.
  Date    Time     Out   Temp   Temp   Hum    Pt. Speed   Dir    Run Speed   Dir  Chill  Index  Index   Bar    Rain  Rate    D-D     D-D    Temp   Hum    Dew   Heat    EMC Density  Samp   Tx   Recept  Int.
---------------------------------------------------------------------------------------------------------------------------------------------------------------------------------------------------------------
12/09/11   0:05   13.4   13.4   13.4    91   12.0   4.0    SW   0.33  10.0    SW   13.3   13.5   13.4  1005.7  0.00   0.0   0.017   0.000   17.8    71   12.5   17.8  13.53  .0741    110    2     99.1    5 
12/09/11   0:10   13.4   13.4   13.4    92   12.1   4.0   WSW   0.33   8.0    SW   13.3   13.4   13.3  1005.6  0.00   0.0   0.017   0.000   17.8    71   12.5   17.8  13.53  .0741    113    2    100.0    5 
12/09/11   0:15   13.3   13.4   13.3    92   12.1   4.0    SE   0.33  14.0    SW   13.2   13.4   13.3  1005.4  0.00   0.0   0.017   0.000   17.8    71   12.4   17.7  13.53  .0741    111    2    100.0    5 
12/09/11   0:20   13.3   13.3   13.2    92   12.0   4.0    SW   0.33  11.0   SSE   13.2   13.3   13.2  1005.2  0.00   0.0   0.018   0.000   17.8    71   12.4   17.7  13.53  .0741    111    2    100.0    5 
12/09/11   0:25   13.2   13.3   13.2    93   12.1   5.0    SW   0.42  14.0     W   12.8   13.3   12.9  1005.1  0.00   0.0   0.018   0.000   17.7    71   12.4   17.6  13.53  .0741    112    2    100.0    5 
12/09/11   0:30   13.2   13.2   13.2    93   12.1   4.0    SW   0.33  11.0     W   13.1   13.3   13.2  1005.0  0.00   0.0   0.018   0.000   17.7    71   12.4   17.6  13.53  .0741    113    2    100.0    5 
12/09/11   0:35   13.2   13.2   13.2    93   12.1   4.0   ESE   0.33  12.0   ESE   13.0   13.3   13.1  1004.9  0.00   0.0   0.018   0.000   17.7    72   12.6   17.7  13.75  .0741    114    2    100.0    5 
12/09/11   0:40   13.1   13.2   13.1    94   12.2   4.0    SW   0.33   8.0   SSW   12.9   13.2   13.1  1004.7  0.00   0.0   0.018   0.000   17.7    72   12.6   17.7  13.75  .0741    113    2    100.0    5 
12/09/11   0:45   13.1   13.1   13.1    94   12.2   4.0    SW   0.33  12.0    SW   12.9   13.2   13.1  1004.5  0.00   0.0   0.018   0.000   17.7    72   12.6   17.6  13.75  .0741    113    2    100.0    5 
12/09/11   0:50   13.1   13.1   13.1    94   12.1   5.0    SE   0.42   9.0   WSW   12.6   13.2   12.7  1004.4  0.40   0.0   0.018   0.000   17.7    72   12.6   17.6  13.75  .0741    114    2    100.0    5 
12/09/11   0:55   13.1   13.1   13.1    94   12.2   5.0    SE   0.42  13.0   SSW   12.7   13.2   12.8  1004.4  0.00   0.0   0.018   0.000   17.7    72   12.6   17.6  13.75  .0741    114    2    100.0    5 
12/09/11   1:00   13.1   13.1   13.1    94   12.2   4.0    SE   0.33  10.0    SE   12.9   13.2   13.1  1004.2  0.00   0.0   0.018   0.000   17.7    72   12.6   17.6  13.75  .0741    114    2    100.0    5 
12/09/11   1:05   13.1   13.2   13.1    94   12.2   4.0    SE   0.33  10.0    SW   12.9   13.2   13.1  1004.2  0.00   0.0   0.018   0.000   17.6    72   12.5   17.6  13.75  .0741    115    2    100.0    5 
12/09/11   1:10   13.2   13.2   13.1    94   12.2   4.0   ESE   0.33   9.0     S   13.0   13.3   13.1  1004.0  0.00   0.0   0.018   0.000   17.6    72   12.5   17.6  13.75  .0741    113    2    100.0    5 
12/09/11   1:15   13.2   13.2   13.2    94   12.2   5.0   ESE   0.42  13.0    SW   12.7   13.3   12.8  1004.0  0.00   0.0   0.018   0.000   17.6    72   12.5   17.6  13.75  .0740    114    2    100.0    5 
12/09/11   1:20   13.2   13.2   13.2    94   12.3   4.0    SE   0.33   9.0    SE   13.1   13.3   13.2  1003.9  0.00   0.0   0.018   0.000   17.6    72   12.5   17.6  13.75  .0740    113    2    100.0    5 
12/09/11   1:25   13.2   13.3   13.2    94   12.3   4.0    SE   0.33  10.0   ESE   13.1   13.3   13.2  1003.7  0.00   0.0   0.018   0.000   17.6    72   12.5   17.6  13.75  .0740    110    2     99.1    5 
12/09/11   1:30   13.3   13.3   13.3    94   12.3   4.0    SE   0.33  12.0   ESE   13.2   13.4   13.3  1003.7  0.00   0.0   0.018   0.000   17.6    72   12.5   17.6  13.75  .0740    111    2    100.0    5 
12/09/11   1:35   13.3   13.3   13.3    94   12.4   3.0   ESE   0.25   9.0    SE   13.3   13.4   13.4  1003.6  0.00   0.0   0.017   0.000   17.6    72   12.4   17.5  13.75  .0740    111    2    100.0    5 
12/09/11   1:40   13.3   13.4   13.3    94   12.4   2.0   ESE   0.17   7.0    SW   13.3   13.4   13.4  1003.7  0.00   0.0   0.017   0.000   17.6    72   12.4   17.5  13.75  .0740    111    2    100.0    5 
12/09/11   1:45   13.4   13.4   13.4    94   12.4   4.0    SW   0.33  11.0     E   13.3   13.5   13.4  1003.6  0.00   0.0   0.017   0.000   17.6    72   12.4   17.5  13.75  .0740    112    2    100.0    5 
12/09/11   1:50   13.5   13.5   13.4    94   12.6   3.0    SE   0.25   6.0   ESE   13.5   13.6   13.6  1003.4  0.00   0.0   0.017   0.000   17.6    72   12.4   17.5  13.75  .0740    111    2    100.0    5 
12/09/11   1:55   13.5   13.6   13.5    95   12.7   5.0    SE   0.42  11.0   ESE   13.1   13.6   13.2  1003.4  0.00   0.0   0.017   0.000   17.6    72   12.4   17.5  13.75  .0740    113    2    100.0    5 
12/09/11   2:00   13.6   13.6   13.6    95   12.8   4.0   SSE   0.33  13.0   SSW   13.6   13.7   13.7  1003.2  0.00   0.0   0.016   0.000   17.6    72   12.4   17.5  13.75  .0740    112    2    100.0    5 
12/09/11   2:05   13.7   13.7   13.6    96   13.0   4.0   WSW   0.33  11.0     S   13.6   13.8   13.7  1003.2  0.00   0.0   0.016   0.000   17.6    72   12.4   17.5  13.75  .0740    114    2    100.0    5 
12/09/11   2:10   13.8   13.8   13.7    96   13.2   5.0    SW   0.42  15.0   WSW   13.4   13.9   13.6  1003.3  0.00   0.0   0.016   0.000   17.6    72   12.4   17.5  13.75  .0740    115    2    100.0    5 
12/09/11   2:15   13.9   13.9   13.8    95   13.1   5.0   WSW   0.42  16.0     W   13.6   14.0   13.7  1003.2  0.00   0.0   0.015   0.000   17.5    72   12.4   17.4  13.75  .0740    114    2    100.0    5 
12/09/11   2:20   14.0   14.1   14.0    95   13.2   5.0    SW   0.42  13.0    SW   13.7   14.1   13.8  1003.1  0.00   0.0   0.015   0.000   17.5    72   12.4   17.4  13.75  .0740    114    2    100.0    5 
12/09/11   2:25   14.1   14.1   14.1    95   13.3   6.0    SW   0.50  15.0   WSW   13.6   14.2   13.7  1003.1  0.00   0.0   0.015   0.000   17.5    72   12.4   17.4  13.75  .0740    111    2    100.0    5 
12/09/11   2:30   14.1   14.1   14.1    95   13.3   5.0   WSW   0.42  13.0   WSW   13.8   14.2   13.9  1002.9  0.20   0.0   0.015   0.000   17.5    72   12.4   17.4  13.75  .0740    115    2    100.0    5 
12/09/11   2:35   14.1   14.1   14.1    95   13.3   5.0     W   0.42  13.0   WSW   13.8   14.2   13.9  1002.7  0.00   0.0   0.015   0.000   17.5    72   12.4   17.4  13.75  .0740    113    2    100.0    5 
12/09/11   2:40   14.2   14.2   14.1    94   13.2   6.0    SW   0.50  17.0     S   13.7   14.3   13.8  1002.5  0.00   0.0   0.014   0.000   17.5    72   12.4   17.4  13.75  .0740    114    2    100.0    5 
12/09/11   2:45   14.2   14.2   14.2    94   13.3   6.0    SW   0.50  12.0    SW   13.7   14.3   13.8  1002.5  0.00   0.0   0.014   0.000   17.5    72   12.4   17.4  13.75  .0740    115    2    100.0    5 
12/09/11   2:50   14.2   14.2   14.2    94   13.3   7.0   WSW   0.58  17.0   WSW   13.5   14.3   13.6  1002.3  0.00   0.0   0.014   0.000   17.5    72   12.4   17.4  13.75  .0740    111    2    100.0    5 
12/09/11   2:55   14.2   14.2   14.2    94   13.3   6.0    SW   0.50  17.0    SW   13.7   14.3   13.8  1002.3  0.00   0.0   0.014   0.000   17.5    72   12.4   17.4  13.75  .0740    112    2    100.0    5 
12/09/11   3:00   14.2   14.2   14.2    94   13.3   7.0    SW   0.58  19.0    SW   13.5   14.3   13.6  1002.2  0.00   0.0   0.014   0.000   17.5    72   12.4   17.4  13.75  .0740    110    2     99.1    5 
12/09/11   3:05   14.2   14.2   14.2    94   13.3   6.0   WSW   0.50  18.0    SW   13.7   14.3   13.8  1001.9  0.00   0.0   0.014   0.000   17.5    72   12.4   17.4  13.75  .0739    111    2    100.0    5 
12/09/11   3:10   14.3   14.3   14.2    93   13.2   6.0   WSW   0.50  13.0    SW   13.8   14.4   13.9  1001.9  0.00   0.0   0.014   0.000   17.4    72   12.3   17.3  13.75  .0739    109    2     98.2    5 
12/09/11   3:15   14.4   14.4   14.3    93   13.3   7.0    SW   0.58  18.0   SSW   13.7   14.5   13.8  1001.9  0.00   0.0   0.014   0.000   17.5    72   12.4   17.4  13.75  .0739    108    2     97.3    5 
12/09/11   3:20   14.4   14.5   14.4    93   13.3   7.0    SW   0.58  19.0    SW   13.8   14.6   13.9  1001.8  0.00   0.0   0.014   0.000   17.5    72   12.4   17.4  13.75  .0739    111    2    100.0    5 
12/09/11   3:25   14.5   14.6   14.4    93   13.4   8.0    SW   0.67  18.0    SW   13.4   14.6   13.6  1001.8  0.00   0.0   0.013   0.000   17.5    72   12.4   17.4  13.75  .0739    111    2    100.0    5 
12/09/11   3:30   14.5   14.5   14.4    93   13.4   9.0    SW   0.75  22.0   WSW   13.0   14.6   13.1  1001.8  0.00   0.0   0.013   0.000   17.5    72   12.4   17.4  13.75  .0739    110    2     99.1    5 
12/09/11   3:35   14.4   14.5   14.4    93   13.3   8.0   SSW   0.67  22.0   WSW   13.4   14.6   13.5  1001.8  0.00   0.0   0.014   0.000   17.5    72   12.4   17.4  13.75  .0739    113    2    100.0    5 
12/09/11   3:40   14.4   14.4   14.4    94   13.4   7.0    SW   0.58  16.0   SSW   13.7   14.6   13.9  1001.6  0.00   0.0   0.014   0.000   17.4    72   12.3   17.3  13.75  .0739    115    2    100.0    5 
12/09/11   3:45   14.3   14.4   14.3    94   13.4   6.0   SSW   0.50  18.0     S   13.9   14.4   14.0  1001.6  0.00   0.0   0.014   0.000   17.5    72   12.4   17.4  13.75  .0739    112    2    100.0    5 
12/09/11   3:50   14.4   14.4   14.3    94   13.4   6.0    SW   0.50  18.0    SW   13.9   14.6   14.1  1001.6  0.00   0.0   0.014   0.000   17.4    72   12.3   17.3  13.75  .0739    112    2    100.0    5 
12/09/11   3:55   14.4   14.4   14.3    94   13.4   6.0   SSW   0.50  13.0   SSE   13.9   14.6   14.1  1001.6  0.00   0.0   0.014   0.000   17.4    72   12.3   17.3  13.75  .0739    115    2    100.0    5 
12/09/11   4:00   14.4   14.4   14.4    94   13.5   7.0   WSW   0.58  18.0   WSW   13.8   14.6   13.9  1001.5  0.00   0.0   0.014   0.000   17.4    72   12.3   17.3  13.75  .0739    113    2    100.0    5 
12/09/11   4:05   14.4   14.4   14.4    94   13.5   7.0   SSW   0.58  14.0   SSW   13.8   14.6   13.9  1001.4  0.00   0.0   0.014   0.000   17.4    72   12.3   17.3  13.75  .0739    111    2    100.0    5 
12/09/11   4:10   14.4   14.5   14.4    94   13.5   6.0   WSW   0.50  14.0    SW   14.0   14.6   14.2  1001.4  0.00   0.0   0.014   0.000   17.4    72   12.3   17.3  13.75  .0739    111    2    100.0    5 
12/09/11   4:15   14.4   14.5   14.4    94   13.5   8.0    SW   0.67  16.0   ENE   13.4   14.6   13.6  1001.2  0.00   0.0   0.014   0.000   17.4    72   12.3   17.3  13.75  .0739    115    2    100.0    5 
12/09/11   4:20   14.5   14.6   14.5    94   13.5   8.0    SW   0.67  16.0   WSW   13.4   14.7   13.6  1001.1  0.00   0.0   0.013   0.000   17.4    72   12.3   17.3  13.75  .0739    113    2    100.0    5 
12/09/11   4:25   14.6   14.6   14.5    95   13.8   6.0    SW   0.50  18.0    SW   14.1   14.7   14.3  1001.0  0.00   0.0   0.013   0.000   17.4    72   12.3   17.3  13.75  .0739    106    2     95.5    5 
12/09/11   4:30   14.6   14.6   14.6    95   13.8   6.0   SSW   0.50  17.0   SSW   14.1   14.7   14.3  1000.9  0.00   0.0   0.013   0.000   17.4    72   12.3   17.3  13.75  .0739    113    2    100.0    5 
12/09/11   4:35   14.6   14.6   14.6    95   13.8   7.0   SSW   0.58  17.0   SSW   14.0   14.8   14.2  1000.7  0.00   0.0   0.013   0.000   17.4    72   12.3   17.3  13.75  .0739    110    2     99.1    5 
12/09/11   4:40   14.6   14.6   14.6    95   13.8   7.0    SW   0.58  20.0   SSW   14.0   14.8   14.2  1000.9  0.00   0.0   0.013   0.000   17.4    72   12.3   17.3  13.75  .0739    109    2     98.2    5 
12/09/11   4:45   14.6   14.7   14.6    95   13.8   8.0    SW   0.67  18.0   SSW   13.6   14.8   13.8  1000.7  0.00   0.0   0.013   0.000   17.4    72   12.3   17.3  13.75  .0739    107    2     96.4    5 
12/09/11   4:50   14.7   14.7   14.7    95   13.9   6.0    SW   0.50  14.0    SW   14.3   14.8   14.4  1000.5  0.00   0.0   0.013   0.000   17.4    72   12.3   17.3  13.75  .0738    109    2     98.2    5 
12/09/11   4:55   14.7   14.7   14.6    95   13.9   8.0   SSW   0.67  16.0     E   13.7   14.8   13.8  1000.6  0.00   0.0   0.013   0.000   17.4    72   12.3   17.3  13.75  .0738    110    2     99.1    5 
12/09/11   5:00   14.6   14.7   14.6    96   14.0   8.0    SW   0.67  16.0    SE   13.6   14.8   13.8  1000.5  0.00   0.0   0.013   0.000   17.4    72   12.3   17.3  13.75  .0738    111    2    100.0    5 
12/09/11   5:05   14.7   14.7   14.6    96   14.0   8.0    SW   0.67  22.0    SW   13.7   14.9   13.9  1000.5  0.00   0.0   0.013   0.000   17.4    72   12.3   17.3  13.75  .0738    112    2    100.0    5 
12/09/11   5:10   14.7   14.7   14.7    96   14.0   9.0    SW   0.75  17.0   SSW   13.2   14.9   13.4  1000.4  0.20   0.0   0.013   0.000   17.4    72   12.3   17.3  13.75  .0738    113    2    100.0    5 
12/09/11   5:15   14.7   14.7   14.7    96   14.1   7.0    SW   0.58  15.0     S   14.1   14.9   14.3  1000.5  0.00   0.0   0.013   0.000   17.4    72   12.3   17.3  13.75  .0738    113    2    100.0    5 
12/09/11   5:20   14.7   14.7   14.7    96   14.1   8.0    SW   0.67  24.0     S   13.7   14.9   13.9  1000.3  0.00   0.0   0.013   0.000   17.4    72   12.3   17.3  13.75  .0738    111    2    100.0    5 
12/09/11   5:25   14.7   14.7   14.7    97   14.3   7.0    SW   0.58  15.0    SW   14.1   14.9   14.3  1000.3  0.00   0.0   0.013   0.000   17.4    72   12.3   17.3  13.75  .0738    114    2    100.0    5 
12/09/11   5:30   14.7   14.7   14.7    97   14.3   8.0    SW   0.67  21.0    SW   13.7   14.9   13.9  1000.2  0.00   0.0   0.013   0.000   17.4    72   12.3   17.3  13.75  .0738    114    2    100.0    5 
12/09/11   5:35   14.8   14.8   14.7    97   14.3   7.0    SW   0.58  17.0   SSW   14.2   15.0   14.4  1000.3  0.00   0.0   0.012   0.000   17.4    72   12.3   17.3  13.75  .0738    113    2    100.0    5 
12/09/11   5:40   14.8   14.8   14.8    97   14.3   8.0   SSW   0.67  17.0   ESE   13.8   15.0   14.0   999.9  0.00   0.0   0.012   0.000   17.4    72   12.3   17.3  13.75  .0738    113    2    100.0    5 
12/09/11   5:45   14.8   14.8   14.8    97   14.4   7.0    SW   0.58  16.0     W   14.2   15.1   14.4  1000.1  0.00   0.0   0.012   0.000   17.4    72   12.3   17.3  13.75  .0738    106    2     95.5    5 
12/09/11   5:50   14.9   14.9   14.8    97   14.4   9.0    SW   0.75  22.0   SSW   13.5   15.1   13.7   999.9  0.00   0.0   0.012   0.000   17.4    72   12.3   17.3  13.75  .0738    112    2    100.0    5 
12/09/11   5:55   14.9   15.0   14.9    97   14.5   7.0    SW   0.58  20.0    SW   14.4   15.2   14.6   999.8  0.00   0.0   0.012   0.000   17.4    72   12.3   17.3  13.75  .0738    109    2     98.2    5 
12/09/11   6:00   15.0   15.1   15.0    97   14.5   8.0   SSW   0.67  20.0   WSW   14.1   15.2   14.3   999.9  0.00   0.0   0.012   0.000   17.4    72   12.3   17.3  13.75  .0738    112    2    100.0    5 
12/09/11   6:05   15.1   15.1   15.1    97   14.6   7.0   SSW   0.58  18.0    SW   14.5   15.3   14.7   999.8  0.00   0.0   0.011   0.000   17.4    72   12.3   17.3  13.75  .0738    112    2    100.0    5 
12/09/11   6:10   15.2   15.2   15.1    97   14.7   8.0    SW   0.67  18.0    SW   14.3   15.4   14.6   999.8  0.00   0.0   0.011   0.000   17.4    72   12.3   17.3  13.75  .0738    108    2     97.3    5 
12/09/11   6:15   15.2   15.3   15.2    97   14.7   7.0   WSW   0.58  19.0    SW   14.7   15.5   15.0   999.8  0.00   0.0   0.011   0.000   17.4    72   12.3   17.3  13.75  .0738    112    2    100.0    5 
12/09/11   6:20   15.3   15.4   15.3    97   14.9   8.0    SW   0.67  18.0    SW   14.4   15.6   14.7   999.7  0.00   0.0   0.010   0.000   17.4    72   12.3   17.3  13.75  .0738    110    2     99.1    5 
12/09/11   6:25   15.4   15.5   15.4    97   15.0   8.0    SW   0.67  18.0    SW   14.6   15.7   14.9   999.6  0.00   0.0   0.010   0.000   17.4    72   12.3   17.3  13.75  .0738    111    2    100.0    5 
12/09/11   6:30   15.5   15.5   15.5    97   15.0   7.0   WSW   0.58  20.0     W   15.1   15.8   15.3   999.7  0.00   0.0   0.010   0.000   17.4    72   12.3   17.3  13.75  .0738    111    2    100.0    5 
12/09/11   6:35   15.6   15.6   15.5    97   15.1   6.0    SW   0.50  17.0    SW   15.3   15.8   15.6   999.7  0.00   0.0   0.010   0.000   17.4    72   12.3   17.3  13.75  .0738    113    2    100.0    5 
12/09/11   6:40   15.6   15.6   15.6    97   15.1   7.0    SW   0.58  16.0    SW   15.1   15.8   15.4   999.7  0.00   0.0   0.010   0.000   17.4    72   12.3   17.3  13.75  .0738    112    2    100.0    5 
12/09/11   6:45   15.6   15.6   15.6    97   15.1   7.0    SW   0.58  18.0    SW   15.2   15.9   15.4   999.8  0.00   0.0   0.009   0.000   17.4    72   12.3   17.3  13.75  .0738    113    2    100.0    5 
12/09/11   6:50   15.7   15.7   15.7    97   15.2   7.0    SW   0.58  19.0   WSW   15.2   15.9   15.5   999.5  0.00   0.0   0.009   0.000   17.5    72   12.4   17.4  13.75  .0738    114    2    100.0    5 
12/09/11   6:55   15.8   15.8   15.7    97   15.3   7.0   SSW   0.58  15.0   WSW   15.4   16.1   15.7   999.6  0.00   0.0   0.009   0.000   17.5    72   12.4   17.4  13.75  .0738    114    2    100.0    5 
12/09/11   7:00   15.9   16.1   15.8    96   15.3   8.0    SW   0.67  22.0    SW   15.2   16.2   15.4   999.6  0.00   0.0   0.008   0.000   17.5    72   12.4   17.4  13.75  .0738    114    2    100.0    5 
12/09/11   7:05   16.2   16.2   16.1    95   15.4   8.0   SSW   0.67  28.0   WSW   15.4   16.4   15.7   999.5  0.00   0.0   0.008   0.000   17.6    72   12.4   17.5  13.75  .0737    113    2    100.0    5 
12/09/11   7:10   16.3   16.3   16.2    95   15.5   9.0   WSW   0.75  21.0    SW   15.2   16.7   15.5   999.3  0.00   0.0   0.007   0.000   17.6    72   12.4   17.5  13.75  .0737    109    2     98.2    5 
12/09/11   7:15   16.4   16.4   16.3    95   15.6   7.0    SW   0.58  19.0   WSW   16.2   16.7   16.5   999.6  0.00   0.0   0.007   0.000   17.6    72   12.4   17.5  13.75  .0737    113    2    100.0    5 
12/09/11   7:20   16.4   16.4   16.4    95   15.6   9.0    SW   0.75  20.0   WSW   15.3   16.8   15.7   999.6  0.00   0.0   0.007   0.000   17.6    72   12.5   17.6  13.75  .0737    112    2    100.0    5 
12/09/11   7:25   16.4   16.4   16.4    95   15.6   7.0   WSW   0.58  14.0   WSW   16.2   16.8   16.6   999.6  0.00   0.0   0.007   0.000   17.6    72   12.5   17.6  13.75  .0737    112    2    100.0    5 
12/09/11   7:30   16.5   16.6   16.4    95   15.7   7.0   WSW   0.58  18.0    SW   16.3   16.8   16.6   999.5  0.00   0.0   0.006   0.000   17.7    71   12.3   17.6  13.53  .0737    109    2     98.2    5 
12/09/11   7:35   16.6   16.7   16.6    94   15.6   7.0   WSW   0.58  15.0    SW   16.4   16.9   16.8   999.4  0.00   0.0   0.006   0.000   17.7    71   12.4   17.6  13.53  .0737    111    2    100.0    5 
12/09/11   7:40   16.7   16.7   16.7    94   15.8   8.0   WSW   0.67  17.0    SW   16.1   17.1   16.5   999.5  0.00   0.0   0.006   0.000   17.8    71   12.4   17.7  13.53  .0737    113    2    100.0    5 
12/09/11   7:45   16.7   16.8   16.7    94   15.8   6.0    SW   0.50  14.0     S   16.7   17.1   17.1   999.6  0.00   0.0   0.006   0.000   17.8    71   12.4   17.7  13.53  .0737    108    2     97.3    5 
12/09/11   7:50   16.8   16.8   16.8    94   15.8   6.0   SSW   0.50  16.0   SSW   16.8   17.2   17.2   999.5  0.00   0.0   0.005   0.000   17.8    71   12.5   17.8  13.53  .0737    111    2    100.0    5 
12/09/11   7:55   16.8   16.8   16.8    94   15.9   6.0    SW   0.50  15.0    SW   16.8   17.2   17.2   999.4  0.00   0.0   0.005   0.000   17.8    71   12.5   17.8  13.53  .0737    110    2     99.1    5 
12/09/11   8:00   16.8   16.9   16.8    94   15.9   7.0   WSW   0.58  17.0   WSW   16.7   17.2   17.1   999.4  0.00   0.0   0.005   0.000   17.8    71   12.5   17.8  13.53  .0736    111    2    100.0    5 
12/09/11   8:05   16.9   17.0   16.9    94   16.0   6.0    SW   0.50  14.0    SW   16.9   17.3   17.3   999.2  0.00   0.0   0.005   0.000   17.9    71   12.6   17.8  13.53  .0736    111    2    100.0    5 
12/09/11   8:10   17.1   17.1   17.0    93   15.9   8.0   WSW   0.67  15.0    SW   16.5   17.4   16.9   999.2  0.00   0.0   0.004   0.000   17.9    71   12.6   17.9  13.54  .0736    111    2    100.0    5 
12/09/11   8:15   17.2   17.2   17.1    93   16.0   7.0    SW   0.58  15.0   SSW   17.1   17.6   17.5   999.3  0.00   0.0   0.004   0.000   18.0    71   12.7   17.9  13.54  .0736    108    2     97.3    5 
12/09/11   8:20   17.2   17.2   17.2    93   16.1   8.0    SW   0.67  15.0     W   16.7   17.7   17.2   999.3  0.00   0.0   0.004   0.000   18.1    71   12.7   18.1  13.54  .0736    114    2    100.0    5 
12/09/11   8:25   17.3   17.3   17.2    92   16.0   9.0    SW   0.75  17.0    SW   16.3   17.7   16.7   999.3  0.00   0.0   0.004   0.000   18.1    71   12.8   18.1  13.54  .0736    113    2    100.0    5 
12/09/11   8:30   17.3   17.4   17.3    92   16.0   7.0    SW   0.58  18.0   WSW   17.3   17.8   17.7   999.5  0.00   0.0   0.003   0.000   18.2    71   12.8   18.2  13.54  .0736    114    2    100.0    5 
12/09/11   8:35   17.4   17.4   17.4    91   15.9   8.0    SW   0.67  19.0    SW   16.9   17.8   17.3   999.4  0.00   0.0   0.003   0.000   18.2    70   12.6   18.1  13.34  .0736    115    2    100.0    5 
12/09/11   8:40   17.4   17.4   17.4    91   15.9   8.0    SW   0.67  17.0    SW   16.9   17.8   17.3   999.5  0.00   0.0   0.003   0.000   18.2    70   12.7   18.2  13.35  .0735    114    2    100.0    5 
12/09/11   8:45   17.4   17.4   17.4    91   15.9   9.0     W   0.75  21.0     W   16.4   17.8   16.9   999.4  0.00   0.0   0.003   0.000   18.2    70   12.7   18.2  13.35  .0735    113    2    100.0    5 
12/09/11   8:50   17.4   17.5   17.4    91   16.0   9.0    SW   0.75  17.0   WSW   16.5   17.9   16.9   999.4  0.00   0.0   0.003   0.000   18.2    70   12.7   18.2  13.35  .0735    112    2    100.0    5 
12/09/11   8:55   17.5   17.6   17.5    91   16.0   7.0   WSW   0.58  18.0   WSW   17.5   17.9   17.9   999.3  0.00   0.0   0.003   0.000   18.3    70   12.7   18.3  13.35  .0735    111    2    100.0    5 
12/09/11   9:00   17.6   17.6   17.6    91   16.1   7.0    SW   0.58  19.0    SW   17.6   18.1   18.1   999.3  0.00   0.0   0.003   0.000   18.3    70   12.7   18.3  13.35  .0735    110    2     99.1    5 
12/09/11   9:05   17.7   17.7   17.6    90   16.0   8.0    SW   0.67  20.0   SSW   17.2   18.1   17.7   999.3  0.00   0.0   0.002   0.000   18.3    70   12.8   18.3  13.35  .0735    111    2    100.0    5 
12/09/11   9:10   17.7   17.8   17.7    90   16.1   8.0    SW   0.67  20.0   WSW   17.3   18.2   17.7   999.3  0.00   0.0   0.002   0.000   18.4    70   12.8   18.4  13.35  .0735    109    2     98.2    5 
12/09/11   9:15   17.7   17.7   17.7    90   16.1   7.0    SW   0.58  18.0    SW   17.7   18.2   18.2   999.2  0.00   0.0   0.002   0.000   18.4    70   12.9   18.4  13.34  .0735    107    2     96.4    5 
12/09/11   9:20   17.7   17.7   17.7    90   16.1   9.0   WSW   0.75  24.0   SSW   16.8   18.2   17.3   999.3  0.00   0.0   0.002   0.000   18.5    70   12.9   18.6  13.34  .0734    109    2     98.2    5 
12/09/11   9:25   17.7   17.7   17.7    90   16.1   8.0    SW   0.67  18.0   WSW   17.3   18.2   17.7   999.3  0.00   0.0   0.002   0.000   18.6    70   13.0   18.6  13.33  .0734    111    2    100.0    5 
12/09/11   9:30   17.7   17.7   17.7    91   16.2   8.0   WSW   0.67  16.0    SW   17.3   18.2   17.7   999.3  0.00   0.0   0.002   0.000   18.6    69   12.8   18.6  13.03  .0734    112    2    100.0    5 
12/09/11   9:35   17.8   17.8   17.7    90   16.1   7.0    SW   0.58  17.0     W   17.8   18.2   18.2   999.2  0.00   0.0   0.002   0.000   18.6    69   12.8   18.6  13.03  .0734    114    2    100.0    5 
12/09/11   9:40   17.9   17.9   17.8    90   16.2   7.0   WSW   0.58  18.0    SW   17.9   18.3   18.3   999.3  0.00   0.0   0.002   0.000   18.7    69   12.9   18.8  13.02  .0734    114    2    100.0    5 
12/09/11   9:45   17.9   17.9   17.9    90   16.3   9.0   WSW   0.75  19.0   SSW   17.1   18.4   17.6   999.3  0.00   0.0   0.001   0.000   18.7    69   12.9   18.8  13.02  .0734    112    2    100.0    5 
12/09/11   9:50   17.9   18.0   17.9    90   16.3   9.0     W   0.75  19.0     W   17.1   18.4   17.6   999.3  0.00   0.0   0.001   0.000   18.8    69   13.0   18.8  13.02  .0734    113    2    100.0    5 
12/09/11   9:55   17.9   17.9   17.8    90   16.2  10.0   WSW   0.83  21.0   SSE   16.6   18.3   17.0   999.3  0.00   0.0   0.002   0.000   18.8    69   13.0   18.9  13.01  .0734    114    2    100.0    5 
12/09/11  10:00   17.8   17.8   17.8    91   16.3   8.0     W   0.67  17.0    SW   17.3   18.2   17.8   999.5  0.00   0.0   0.002   0.000   18.8    69   13.0   18.8  13.02  .0734    113    2    100.0    5 
12/09/11  10:05   17.4   17.8   17.2    92   16.1  11.0   WSW   0.92  20.0   WSW   15.7   17.9   16.1   999.5  0.00   0.0   0.003   0.000   18.8    69   13.0   18.8  13.02  .0734    114    2    100.0    5 
12/09/11  10:10   17.0   17.1   16.9    93   15.9  13.0   WSW   1.08  23.0   WSW   14.6   17.4   15.0   999.7  0.00   0.0   0.005   0.000   18.7    69   12.9   18.8  13.02  .0734    113    2    100.0    5 
12/09/11  10:15   16.9   17.0   16.9    91   15.5  11.0   WSW   0.92  20.0    SW   15.1   17.3   15.4   999.5  0.00   0.0   0.005   0.000   18.7    69   12.9   18.7  13.03  .0734    113    2    100.0    5 
12/09/11  10:20   17.2   17.5   17.0    86   14.9  10.0   WSW   0.83  21.0    SW   15.8   17.5   16.1   999.4  0.00   0.0   0.004   0.000   18.7    69   12.9   18.8  13.02  .0734    110    2     99.1    5 
12/09/11  10:25   17.8   18.1   17.5    83   14.9  12.0     W   1.00  24.0   WSW   15.7   18.1   16.1   999.4  0.00   0.0   0.002   0.000   18.7    69   12.9   18.8  13.02  .0734    111    2    100.0    5 
12/09/11  10:30   18.2   18.3   18.1    83   15.3  12.0     W   1.00  22.0    SW   16.3   18.6   16.7   999.3  0.00   0.0   0.000   0.000   18.8    69   13.0   18.8  13.02  .0734    110    2     99.1    5 
12/09/11  10:35   18.4   18.6   18.3    80   14.9  13.0     W   1.08  28.0   WSW   16.2   18.8   16.6   999.7  0.00   0.0   0.000   0.000   18.8    69   13.0   18.9  13.01  .0734    111    2    100.0    5 
12/09/11  10:40   18.6   18.7   18.6    80   15.1  13.0   WSW   1.08  25.0     W   16.4   19.1   16.9   999.9  0.00   0.0   0.000   0.001   18.9    69   13.1   18.9  13.01  .0734    109    2     98.2    5 
12/09/11  10:45   18.7   18.7   18.7    78   14.8  14.0   WSW   1.17  24.0   WSW   16.3   19.1   16.7   999.7  0.00   0.0   0.000   0.001   18.9    69   13.1   18.9  13.01  .0734    110    2     99.1    5 
12/09/11  10:50   18.7   18.8   18.7    76   14.4  15.0   WSW   1.25  30.0   WSW   16.1   19.0   16.4   999.9  0.00   0.0   0.000   0.001   18.9    69   13.1   19.0  13.01  .0734    109    2     98.2    5 
12/09/11  10:55   18.6   18.7   18.3    78   14.6  14.0   WSW   1.17  24.0     W   16.1   18.9   16.4  1000.1  0.00   0.0   0.000   0.001   19.1    69   13.2   19.2  13.00  .0733    110    2     99.1    5 
12/09/11  11:00   18.1   18.3   17.9    80   14.6  17.0   WSW   1.42  28.0   WSW   15.1   18.4   15.4  1000.2  0.00   0.0   0.001   0.000   19.1    69   13.2   19.2  13.00  .0733    112    2    100.0    5 
12/09/11  11:05   17.7   17.9   17.6    79   14.0  17.0   WSW   1.42  29.0   WSW   14.7   17.9   14.9  1000.2  0.00   0.0   0.002   0.000   19.1    69   13.2   19.2  13.00  .0733    108    2     97.3    5 
12/09/11  11:10   17.4   17.6   17.3    80   13.9  16.0   WSW   1.33  26.0   WSW   14.4   17.6   14.7  1000.5  0.00   0.0   0.003   0.000   19.1    69   13.3   19.2  12.99  .0734    113    2    100.0    5 
12/09/11  11:15   17.3   17.3   17.3    78   13.5  16.0   WSW   1.33  28.0    SW   14.3   17.4   14.4  1000.4  0.00   0.0   0.003   0.000   19.2    69   13.3   19.3  12.99  .0733    112    2    100.0    5 
12/09/11  11:20   17.3   17.3   17.3    77   13.3  16.0   WSW   1.33  25.0   WNW   14.3   17.4   14.4  1000.6  0.00   0.0   0.003   0.000   19.2    69   13.4   19.3  12.99  .0733    111    2    100.0    5 
12/09/11  11:25   17.4   17.4   17.3    76   13.1  15.0   WSW   1.25  23.0     W   14.6   17.4   14.6  1000.6  0.00   0.0   0.003   0.000   19.3    69   13.4   19.4  12.98  .0733    113    2    100.0    5 
12/09/11  11:30   17.6   17.7   17.4    76   13.3  14.0   WSW   1.17  23.0   WSW   15.1   17.7   15.1  1000.9  0.00   0.0   0.003   0.000   19.3    69   13.4   19.4  12.98  .0733    113    2    100.0    5 
12/09/11  11:35   17.7   17.8   17.7    77   13.6  12.0   WSW   1.00  20.0   WSW   15.7   17.8   15.8  1001.0  0.00   0.0   0.002   0.000   19.3    69   13.5   19.5  12.98  .0733    113    2    100.0    5 
12/09/11  11:40   17.9   18.0   17.8    76   13.6  14.0   WSW   1.17  30.0    SW   15.3   18.0   15.4  1000.9  0.00   0.0   0.002   0.000   19.3    69   13.5   19.5  12.98  .0733    110    2     99.1    5 
12/09/11  11:45   17.5   17.8   17.2    79   13.8  15.0   WSW   1.25  22.0   WNW   14.8   17.7   14.9  1001.3  0.00   0.0   0.003   0.000   19.4    69   13.6   19.6  12.97  .0733    111    2    100.0    5 
12/09/11  11:50   17.3   17.4   17.2    80   13.8  13.0   WSW   1.08  24.0   WSW   14.9   17.4   15.1  1001.2  0.00   0.0   0.004   0.000   19.4    69   13.6   19.6  12.97  .0733    110    2     99.1    5 
12/09/11  11:55   17.3   17.4   17.2    79   13.7  15.0   WSW   1.25  27.0   WSW   14.6   17.5   14.7  1001.3  0.00   0.0   0.003   0.000   19.4    68   13.4   19.6  12.67  .0733    109    2     98.2    5 
12/09/11  12:00   17.1   17.2   17.0    78   13.2  16.0   WSW   1.33  30.0   WSW   14.1   17.2   14.2  1001.4  0.00   0.0   0.004   0.000   19.5    68   13.4   19.7  12.67  .0733    112    2    100.0    5 
12/09/11  12:05   17.1   17.1   17.0    80   13.6  13.0   WSW   1.08  21.0    SW   14.7   17.2   14.8  1001.6  0.00   0.0   0.004   0.000   19.5    68   13.4   19.7  12.67  .0733    112    2    100.0    5 
12/09/11  12:10   17.2   17.2   17.2    77   13.1  15.0   WSW   1.25  25.0   WSW   14.4   17.2   14.4  1001.6  0.00   0.0   0.004   0.000   19.6    68   13.5   19.7  12.66  .0733    110    2     99.1    5 
12/09/11  12:15   17.1   17.2   17.0    78   13.2  14.0   WSW   1.17  24.0   WSW   14.5   17.2   14.6  1001.7  0.00   0.0   0.004   0.000   19.6    68   13.5   19.8  12.66  .0733    111    2    100.0    5 
12/09/11  12:20   17.0   17.0   16.9    78   13.1  15.0   WSW   1.25  23.0   WSW   14.2   17.1   14.2  1001.9  0.00   0.0   0.005   0.000   19.6    68   13.5   19.8  12.66  .0733    111    2    100.0    5 
12/09/11  12:25   16.8   16.9   16.7    80   13.4  14.0   WSW   1.17  20.0   SSW   14.2   16.9   14.3  1002.1  0.00   0.0   0.005   0.000   19.6    68   13.5   19.8  12.66  .0733    111    2    100.0    5 
12/09/11  12:30   16.7   16.7   16.6    78   12.8  13.0   WSW   1.08  23.0   WSW   14.2   16.7   14.2  1002.2  0.00   0.0   0.006   0.000   19.6    68   13.5   19.8  12.66  .0733    113    2    100.0    5 
12/09/11  12:35   16.7   16.8   16.7    77   12.7  13.0     W   1.08  22.0    SW   14.3   16.7   14.3  1002.2  0.00   0.0   0.006   0.000   19.8    68   13.7   20.0  12.65  .0733    109    2     98.2    5 
12/09/11  12:40   16.6   16.7   16.4    78   12.7  14.0   WSW   1.17  21.0   WSW   13.9   16.6   13.9  1002.4  0.00   0.0   0.006   0.000   19.8    68   13.8   20.1  12.64  .0733    114    2    100.0    5 
12/09/11  12:45   16.4   16.4   16.3    78   12.5  13.0   WSW   1.08  23.0     W   13.9   16.4   13.9  1002.5  0.00   0.0   0.007   0.000   19.8    68   13.7   20.0  12.65  .0733    113    2    100.0    5 
12/09/11  12:50   16.4   16.4   16.4    76   12.2  12.0   WSW   1.00  21.0   WNW   14.2   16.3   14.1  1002.6  0.00   0.0   0.007   0.000   19.8    68   13.7   20.0  12.65  .0733    114    2    100.0    5 
12/09/11  12:55   16.4   16.4   16.4    76   12.1  13.0   WSW   1.08  25.0   WSW   13.9   16.3   13.8  1002.5  0.00   0.0   0.007   0.000   19.8    68   13.8   20.1  12.64  .0733    115    2    100.0    5 
12/09/11  13:00   16.3   16.3   16.2    77   12.2  14.0   WSW   1.17  26.0   WSW   13.6   16.2   13.5  1002.7  0.00   0.0   0.007   0.000   19.9    68   13.8   20.1  12.64  .0733    111    2    100.0    5 
12/09/11  13:05   16.2   16.2   16.1    79   12.5  13.0   WSW   1.08  23.0    SW   13.6   16.2   13.6  1002.7  0.00   0.0   0.008   0.000   19.8    68   13.8   20.1  12.64  .0733    112    2    100.0    5 
12/09/11  13:10   16.2   16.2   16.0    78   12.3  16.0   WSW   1.33  26.0     W   13.1   16.1   13.0  1002.7  0.00   0.0   0.008   0.000   19.9    67   13.6   20.1  12.39  .0733    114    2    100.0    5 
12/09/11  13:15   15.9   16.0   15.8    77   11.9  14.0   WSW   1.17  24.0   WSW   13.2   15.8   13.1  1003.1  0.00   0.0   0.008   0.000   19.9    68   13.8   20.1  12.64  .0733    114    2    100.0    5 
12/09/11  13:20   15.9   15.9   15.9    78   12.1  13.0   WSW   1.08  23.0   WSW   13.3   15.8   13.2  1003.0  0.00   0.0   0.008   0.000   19.9    68   13.8   20.1  12.64  .0733    111    2    100.0    5 
12/09/11  13:25   16.0   16.1   15.9    78   12.2  12.0   WSW   1.00  22.0   WSW   13.7   15.9   13.7  1003.0  0.00   0.0   0.008   0.000   19.8    68   13.8   20.1  12.64  .0733    111    2    100.0    5 
12/09/11  13:30   16.1   16.2   16.1    76   11.9  12.0   WSW   1.00  25.0   WSW   13.8   16.0   13.7  1003.1  0.00   0.0   0.008   0.000   19.8    68   13.8   20.1  12.64  .0733    110    2     99.1    5 
12/09/11  13:35   16.2   16.2   16.1    77   12.1  12.0   WSW   1.00  21.0   WNW   13.9   16.1   13.8  1003.2  0.00   0.0   0.008   0.000   19.8    68   13.8   20.1  12.64  .0733    111    2    100.0    5 
12/09/11  13:40   16.2   16.3   16.2    75   11.8  14.0     W   1.17  26.0   WSW   13.4   16.1   13.3  1003.2  0.00   0.0   0.007   0.000   19.8    68   13.8   20.1  12.64  .0733    111    2    100.0    5 
12/09/11  13:45   16.7   16.8   16.3    72   11.6  13.0   WSW   1.08  25.0    SW   14.2   16.4   14.0  1003.2  0.00   0.0   0.006   0.000   20.1    67   13.8   20.3  12.39  .0733    108    2     97.3    5 
12/09/11  13:50   16.8   16.9   16.7    72   11.8  15.0   WSW   1.25  26.0   WNW   14.0   16.7   13.8  1003.2  0.00   0.0   0.005   0.000   20.3    67   14.0   20.4  12.38  .0732    112    2    100.0    5 
12/09/11  13:55   16.4   16.6   16.4    73   11.6  16.0   WSW   1.33  26.0    SW   13.4   16.2   13.2  1003.4  0.00   0.0   0.007   0.000   20.2    67   13.9   20.4  12.38  .0732    109    2     98.2    5 
12/09/11  14:00   16.3   16.4   16.2    72   11.2  17.0   WSW   1.42  29.0     W   13.0   16.0   12.7  1003.4  0.00   0.0   0.007   0.000   20.2    67   13.8   20.3  12.38  .0733    112    2    100.0    5 
12/09/11  14:05   16.2   16.4   16.1    74   11.6  15.0   WSW   1.25  26.0   WSW   13.3   16.1   13.1  1003.3  0.00   0.0   0.007   0.000   20.2    67   13.8   20.3  12.38  .0733    114    2    100.0    5 
12/09/11  14:10   16.9   17.2   16.4    69   11.2  14.0   WSW   1.17  25.0   WSW   14.2   16.6   13.9  1003.3  0.00   0.0   0.005   0.000   20.4    66   13.9   20.5  12.15  .0732    111    2    100.0    5 
12/09/11  14:15   17.3   17.4   17.2    70   11.8  15.0     W   1.25  27.0     W   14.5   17.1   14.3  1003.3  0.00   0.0   0.004   0.000   21.0    66   14.4   20.9  12.15  .0730    113    2    100.0    5 
12/09/11  14:20   17.3   17.4   17.2    69   11.6  15.0   WSW   1.25  29.0   WSW   14.6   17.2   14.4  1003.6  0.00   0.0   0.003   0.000   21.3    65   14.4   21.2  11.85  .0730    112    2    100.0    5 
12/09/11  14:25   17.3   17.4   17.2    68   11.3  13.0   WSW   1.08  20.0   WSW   14.9   17.1   14.7  1003.7  0.00   0.0   0.004   0.000   21.3    65   14.5   21.2  11.85  .0729    113    2    100.0    5 
12/09/11  14:30   17.5   17.6   17.4    68   11.5  14.0     W   1.17  27.0   WSW   14.9   17.3   14.7  1003.6  0.00   0.0   0.003   0.000   21.6    64   14.5   21.4  11.65  .0729    112    2    100.0    5 
12/09/11  14:35   17.3   17.4   17.2    68   11.4  16.0   WSW   1.33  28.0    SW   14.3   17.1   14.1  1003.7  0.00   0.0   0.003   0.000   21.8    64   14.7   21.7  11.65  .0728    113    2    100.0    5 
12/09/11  14:40   16.9   17.2   16.8    68   11.0  15.0   WSW   1.25  24.0    SW   14.1   16.7   13.8  1003.8  0.00   0.0   0.005   0.000   21.9    64   14.8   21.9  11.65  .0728    113    2    100.0    5 
12/09/11  14:45   16.8   16.8   16.7    69   11.1  16.0   WSW   1.33  27.0    SW   13.7   16.5   13.4  1003.7  0.00   0.0   0.005   0.000   21.7    64   14.6   21.6  11.65  .0729    112    2    100.0    5 
12/09/11  14:50   16.8   16.9   16.8    70   11.3  13.0   WSW   1.08  21.0    SW   14.4   16.6   14.2  1003.8  0.00   0.0   0.005   0.000   21.6    64   14.5   21.4  11.65  .0729    109    2     98.2    5 
12/09/11  14:55   16.8   16.9   16.7    70   11.3  13.0   WSW   1.08  22.0     W   14.4   16.6   14.2  1003.9  0.00   0.0   0.005   0.000   21.4    65   14.5   21.3  11.85  .0729    109    2     98.2    5 
12/09/11  15:00   16.7   16.8   16.7    71   11.4  13.0   WSW   1.08  22.0    SW   14.3   16.5   14.1  1003.7  0.00   0.0   0.006   0.000   21.2    65   14.4   21.1  11.85  .0730    111    2    100.0    5 
12/09/11  15:05   17.0   17.1   16.8    66   10.6  16.0   WSW   1.33  26.0   WSW   14.0   16.7   13.7  1003.8  0.00   0.0   0.005   0.000   21.2    65   14.3   21.0  11.85  .0730    109    2     98.2    5 
12/09/11  15:10   17.1   17.1   17.1    66   10.7  16.0   WSW   1.33  29.0     W   14.1   16.8   13.8  1003.9  0.00   0.0   0.004   0.000   21.2    65   14.4   21.1  11.85  .0730    111    2    100.0    5 
12/09/11  15:15   17.2   17.3   17.1    66   10.8  14.0   WSW   1.17  24.0     W   14.6   16.8   14.2  1003.9  0.00   0.0   0.004   0.000   21.3    65   14.4   21.2  11.85  .0730    112    2    100.0    5 
12/09/11  15:20   17.3   17.3   17.3    64   10.4  15.0   WSW   1.25  27.0    SW   14.5   16.9   14.1  1003.8  0.00   0.0   0.004   0.000   21.3    65   14.5   21.2  11.85  .0730    110    2     99.1    5 
12/09/11  15:25   17.3   17.3   17.2    66   10.9  15.0   WSW   1.25  29.0    SW   14.5   17.0   14.2  1003.7  0.00   0.0   0.004   0.000   21.4    65   14.5   21.3  11.85  .0729    111    2    100.0    5 
12/09/11  15:30   17.1   17.2   16.9    66   10.7  18.0   WSW   1.50  29.0    SW   13.7   16.7   13.4  1003.8  0.00   0.0   0.004   0.000   21.3    65   14.5   21.2  11.85  .0730    112    2    100.0    5 
12/09/11  15:35   17.3   17.5   17.1    65   10.6  14.0   WSW   1.17  23.0   WSW   14.7   16.9   14.3  1004.1  0.00   0.0   0.004   0.000   21.2    65   14.4   21.1  11.85  .0730    115    2    100.0    5 
12/09/11  15:40   17.5   17.5   17.5    65   10.8  15.0   WSW   1.25  23.0   WSW   14.8   17.2   14.5  1003.8  0.00   0.0   0.003   0.000   21.2    65   14.3   21.0  11.85  .0730    111    2    100.0    5 
12/09/11  15:45   17.6   17.6   17.5    65   10.9  12.0   WSW   1.00  24.0   SSW   15.5   17.3   15.2  1003.7  0.00   0.0   0.003   0.000   21.1    65   14.2   20.9  11.85  .0730    113    2    100.0    5 
12/09/11  15:50   17.6   17.7   17.6    65   11.0  13.0   WSW   1.08  22.0   WSW   15.3   17.3   15.0  1003.8  0.00   0.0   0.003   0.000   20.9    66   14.4   20.8  12.15  .0731    114    2    100.0    5 
12/09/11  15:55   17.5   17.6   17.5    67   11.3  12.0   WSW   1.00  26.0   WSW   15.4   17.3   15.2  1003.9  0.00   0.0   0.003   0.000   20.9    66   14.3   20.8  12.15  .0731    113    2    100.0    5 
12/09/11  16:00   17.6   17.6   17.6    67   11.4  13.0   WSW   1.08  22.0    SW   15.2   17.3   15.0  1003.9  0.00   0.0   0.003   0.000   20.8    66   14.2   20.8  12.15  .0731    111    2    100.0    5 
12/09/11  16:05   17.6   17.6   17.4    65   10.9  15.0   WSW   1.25  27.0    SW   14.8   17.3   14.6  1003.9  0.00   0.0   0.003   0.000   20.8    66   14.2   20.7  12.15  .0731    110    2     99.1    5 
12/09/11  16:10   17.3   17.4   17.3    65   10.7  15.0   WSW   1.25  26.0   WSW   14.6   17.0   14.2  1003.9  0.00   0.0   0.003   0.000   20.7    66   14.1   20.7  12.15  .0731    113    2    100.0    5 
12/09/11  16:15   17.3   17.4   17.3    65   10.7  15.0   WSW   1.25  27.0     W   14.6   17.0   14.2  1003.8  0.00   0.0   0.003   0.000   20.6    67   14.3   20.7  12.37  .0732    109    2     98.2    5 
12/09/11  16:20   17.3   17.3   17.3    64   10.4  16.0   WSW   1.33  30.0   WSW   14.3   16.9   13.9  1004.1  0.00   0.0   0.004   0.000   20.6    67   14.3   20.7  12.37  .0732    111    2    100.0    5 
12/09/11  16:25   17.3   17.3   17.3    65   10.7  15.0   WSW   1.25  27.0   WSW   14.6   17.0   14.2  1004.1  0.00   0.0   0.003   0.000   20.6    67   14.3   20.7  12.37  .0732    108    2     97.3    5 
12/09/11  16:30   17.3   17.3   17.2    64   10.4  17.0   WSW   1.42  29.0   WSW   14.1   16.9   13.7  1004.1  0.00   0.0   0.004   0.000   20.6    67   14.3   20.7  12.37  .0732    108    2     97.3    5 
12/09/11  16:35   17.2   17.2   17.2    65   10.6  17.0   WSW   1.42  27.0    SW   14.1   16.9   13.7  1004.2  0.00   0.0   0.004   0.000   20.6    67   14.3   20.7  12.37  .0732    107    2     96.4    5 
12/09/11  16:40   17.2   17.2   17.1    65   10.5  16.0   WSW   1.33  26.0   WSW   14.2   16.8   13.8  1004.2  0.00   0.0   0.004   0.000   20.6    67   14.2   20.6  12.37  .0732    109    2     98.2    5 
12/09/11  16:45   17.1   17.2   17.1    66   10.7  15.0   WSW   1.25  25.0   WSW   14.3   16.8   14.0  1004.5  0.00   0.0   0.004   0.000   20.5    67   14.2   20.6  12.37  .0732    112    2    100.0    5 
12/09/11  16:50   17.1   17.1   17.1    67   10.9  14.0   WSW   1.17  26.0   WSW   14.5   16.8   14.2  1004.5  0.00   0.0   0.004   0.000   20.4    67   14.1   20.6  12.37  .0733    111    2    100.0    5 
12/09/11  16:55   17.0   17.1   16.9    65   10.4  16.0   WSW   1.33  28.0    SW   14.0   16.7   13.7  1004.5  0.00   0.0   0.005   0.000   20.4    67   14.1   20.6  12.37  .0733    114    2    100.0    5 
12/09/11  17:00   16.8   16.9   16.7    65   10.2  16.0   WSW   1.33  23.0     W   13.8   16.4   13.4  1004.6  0.00   0.0   0.005   0.000   20.4    67   14.1   20.5  12.38  .0733    114    2    100.0    5 
12/09/11  17:05   16.7   16.7   16.6    65   10.1  15.0   WSW   1.25  27.0   WSW   13.8   16.3   13.4  1004.6  0.00   0.0   0.006   0.000   20.4    67   14.1   20.5  12.38  .0733    112    2    100.0    5 
12/09/11  17:10   16.6   16.6   16.6    66   10.2  16.0   WSW   1.33  29.0    SW   13.5   16.2   13.1  1004.6  0.00   0.0   0.006   0.000   20.3    67   14.0   20.4  12.38  .0733    111    2    100.0    5 
12/09/11  17:15   16.5   16.6   16.4    66   10.1  15.0   WSW   1.25  26.0   WSW   13.6   16.1   13.2  1004.7  0.00   0.0   0.006   0.000   20.3    67   14.0   20.4  12.38  .0733    115    2    100.0    5 
12/09/11  17:20   16.5   16.5   16.4    66   10.1  16.0   WSW   1.33  25.0   WSW   13.4   16.1   13.1  1004.9  0.00   0.0   0.006   0.000   20.3    67   14.0   20.4  12.38  .0733    113    2    100.0    5 
12/09/11  17:25   16.5   16.6   16.5    67   10.3  14.0   WSW   1.17  24.0   WSW   13.8   16.2   13.4  1004.8  0.00   0.0   0.006   0.000   20.4    67   14.1   20.5  12.38  .0733    114    2    100.0    5 
12/09/11  17:30   16.6   16.6   16.6    66   10.2  13.0   WSW   1.08  23.0   WSW   14.1   16.2   13.7  1005.0  0.00   0.0   0.006   0.000   20.4    67   14.1   20.6  12.37  .0733    113    2    100.0    5 
12/09/11  17:35   16.5   16.6   16.4    66   10.1  15.0   WSW   1.25  31.0     W   13.6   16.1   13.2  1005.0  0.00   0.0   0.006   0.000   20.6    67   14.2   20.6  12.37  .0733    114    2    100.0    5 
12/09/11  17:40   16.4   16.4   16.3    67   10.2  14.0   WSW   1.17  22.0   WSW   13.7   16.0   13.3  1005.1  0.00   0.0   0.007   0.000   20.7    66   14.1   20.7  12.15  .0732    113    2    100.0    5 
12/09/11  17:45   16.3   16.3   16.2    66    9.9  16.0   WSW   1.33  29.0   WSW   13.2   15.9   12.8  1005.3  0.00   0.0   0.007   0.000   20.8    66   14.2   20.8  12.15  .0732    110    2     99.1    5 
12/09/11  17:50   16.2   16.2   16.2    67   10.1  12.0   WSW   1.00  20.0    SW   13.9   15.8   13.6  1005.3  0.00   0.0   0.007   0.000   20.8    66   14.2   20.8  12.15  .0732    112    2    100.0    5 
12/09/11  17:55   16.2   16.2   16.2    67   10.1  14.0   WSW   1.17  24.0     W   13.4   15.8   13.1  1005.3  0.00   0.0   0.007   0.000   20.7    66   14.1   20.7  12.15  .0732    111    2    100.0    5 
12/09/11  18:00   16.1   16.2   16.1    68   10.2  12.0   WSW   1.00  19.0     W   13.8   15.7   13.4  1005.3  0.00   0.0   0.008   0.000   20.6    66   14.0   20.6  12.15  .0733    111    2    100.0    5 
12/09/11  18:05   16.0   16.1   16.0    69   10.3  13.0     W   1.08  22.0     W   13.4   15.7   13.1  1005.4  0.00   0.0   0.008   0.000   20.6    66   14.0   20.6  12.15  .0733    111    2    100.0    5 
12/09/11  18:10   16.0   16.0   15.9    68   10.1  13.0   WSW   1.08  24.0   WSW   13.4   15.6   13.1  1005.5  0.00   0.0   0.008   0.000   20.4    66   13.9   20.5  12.15  .0733    112    2    100.0    5 
12/09/11  18:15   15.9   15.9   15.8    68   10.0  12.0   WSW   1.00  20.0   WSW   13.6   15.5   13.2  1005.4  0.00   0.0   0.008   0.000   20.4    66   13.8   20.4  12.15  .0734    111    2    100.0    5 
12/09/11  18:20   15.7   15.8   15.6    69   10.0  12.0   WSW   1.00  23.0   WSW   13.4   15.3   13.0  1005.5  0.00   0.0   0.009   0.000   20.4    66   13.8   20.4  12.15  .0734    112    2    100.0    5 
12/09/11  18:25   15.4   15.6   15.3    70    9.9  15.0   WSW   1.25  25.0     W   12.3   15.1   12.0  1005.7  0.00   0.0   0.010   0.000   20.3    67   13.9   20.4  12.38  .0734    113    2    100.0    5 
12/09/11  18:30   15.2   15.3   15.2    71   10.0  15.0   WSW   1.25  25.0   WSW   12.1   14.9   11.8  1005.6  0.00   0.0   0.011   0.000   20.2    67   13.9   20.4  12.38  .0734    114    2    100.0    5 
12/09/11  18:35   15.1   15.2   15.0    72   10.1  14.0   WSW   1.17  26.0     W   12.2   14.8   11.9  1005.8  0.00   0.0   0.011   0.000   20.2    67   13.8   20.3  12.38  .0734    113    2    100.0    5 
12/09/11  18:40   15.0   15.0   14.9    73   10.2  12.0   WSW   1.00  20.0   WNW   12.6   14.7   12.2  1005.9  0.00   0.0   0.012   0.000   20.1    67   13.7   20.2  12.39  .0735    113    2    100.0    5 
12/09/11  18:45   14.8   14.9   14.8    72    9.8  14.0   WSW   1.17  26.0   WSW   11.9   14.5   11.6  1005.9  0.00   0.0   0.012   0.000   20.0    67   13.7   20.2  12.39  .0735    114    2    100.0    5 
12/09/11  18:50   14.8   14.8   14.7    73   10.0  13.0   WSW   1.08  24.0   WNW   12.1   14.4   11.7  1005.9  0.00   0.0   0.012   0.000   19.9    67   13.6   20.1  12.39  .0735    113    2    100.0    5 
12/09/11  18:55   14.7   14.7   14.6    72    9.7  14.0   WSW   1.17  25.0    SW   11.7   14.3   11.3  1006.0  0.00   0.0   0.013   0.000   19.8    68   13.8   20.1  12.64  .0735    110    2     99.1    5 
12/09/11  19:00   14.6   14.6   14.6    73    9.8  16.0     W   1.33  26.0   WSW   11.2   14.2   10.9  1006.3  0.00   0.0   0.013   0.000   19.7    68   13.6   19.9  12.65  .0736    115    2    100.0    5 
12/09/11  19:05   14.5   14.6   14.4    73    9.7  13.0   WSW   1.08  25.0   WSW   11.7   14.2   11.4  1006.2  0.00   0.0   0.013   0.000   19.7    68   13.6   19.8  12.65  .0736    113    2    100.0    5 
12/09/11  19:10   14.4   14.4   14.3    73    9.6  13.0   WSW   1.08  21.0   WSW   11.6   14.1   11.3  1006.3  0.00   0.0   0.014   0.000   19.6    68   13.5   19.8  12.66  .0736    114    2    100.0    5 
12/09/11  19:15   14.3   14.4   14.3    73    9.6  12.0   WSW   1.00  23.0   WSW   11.8   14.0   11.5  1006.3  0.00   0.0   0.014   0.000   19.6    68   13.5   19.7  12.66  .0737    111    2    100.0    5 
12/09/11  19:20   14.3   14.4   14.3    73    9.6   9.0   WSW   0.75  18.0     W   12.8   14.0   12.5  1006.5  0.00   0.0   0.014   0.000   19.4    68   13.4   19.6  12.67  .0737    112    2    100.0    5 
12/09/11  19:25   14.2   14.3   14.2    74    9.7  11.0   WSW   0.92  21.0   WNW   12.0   13.9   11.7  1006.5  0.00   0.0   0.014   0.000   19.4    68   13.3   19.5  12.67  .0737    110    2     99.1    5 
12/09/11  19:30   14.2   14.2   14.2    74    9.7  11.0     W   0.92  21.0   WSW   12.0   13.9   11.7  1006.7  0.00   0.0   0.014   0.000   19.3    69   13.5   19.5  12.98  .0737    111    2    100.0    5 
12/09/11  19:35   14.2   14.2   14.2    73    9.4  12.0     W   1.00  21.0   WSW   11.6   13.8   11.3  1006.6  0.00   0.0   0.014   0.000   19.3    69   13.4   19.4  12.98  .0738    112    2    100.0    5 
12/09/11  19:40   14.1   14.2   14.1    73    9.3  12.0   WSW   1.00  20.0   WSW   11.6   13.8   11.2  1006.7  0.00   0.0   0.015   0.000   19.2    69   13.4   19.3  12.99  .0738    111    2    100.0    5 
12/09/11  19:45   14.0   14.1   14.0    73    9.2  13.0   WSW   1.08  22.0     W   11.2   13.7   10.8  1006.7  0.00   0.0   0.015   0.000   19.2    69   13.3   19.3  12.99  .0738    111    2    100.0    5 
12/09/11  19:50   13.9   14.0   13.9    74    9.4  13.0   WSW   1.08  22.0    SW   11.1   13.6   10.8  1006.7  0.00   0.0   0.015   0.000   19.1    69   13.3   19.2  12.99  .0738    112    2    100.0    5 
12/09/11  19:55   13.8   13.9   13.8    75    9.5  11.0   WSW   0.92  21.0   WSW   11.6   13.6   11.3  1006.7  0.00   0.0   0.016   0.000   19.1    69   13.2   19.2  13.00  .0738    113    2    100.0    5 
12/09/11  20:00   13.8   13.8   13.7    75    9.4  12.0   WSW   1.00  23.0    SW   11.2   13.5   10.9  1006.8  0.00   0.0   0.016   0.000   19.0    69   13.2   19.1  13.00  .0739    112    2    100.0    5 
12/09/11  20:05   13.8   13.8   13.7    75    9.4  11.0   WSW   0.92  23.0    SW   11.5   13.5   11.2  1006.8  0.00   0.0   0.016   0.000   19.0    69   13.2   19.1  13.00  .0739    113    2    100.0    5 
12/09/11  20:10   13.7   13.7   13.7    75    9.3  13.0   WSW   1.08  24.0   WSW   10.8   13.4   10.5  1007.0  0.00   0.0   0.016   0.000   18.9    69   13.1   19.0  13.01  .0739    114    2    100.0    5 
12/09/11  20:15   13.6   13.7   13.6    76    9.5  11.0   WSW   0.92  18.0     W   11.3   13.3   11.0  1007.0  0.00   0.0   0.016   0.000   18.9    69   13.1   18.9  13.01  .0739    113    2    100.0    5 
12/09/11  20:20   13.5   13.6   13.5    77    9.5  11.0   WSW   0.92  22.0   WSW   11.2   13.2   10.9  1007.2  0.00   0.0   0.017   0.000   18.8    69   13.0   18.9  13.01  .0739    114    2    100.0    5 
12/09/11  20:25   13.5   13.5   13.5    77    9.5  12.0   WSW   1.00  19.0   WSW   10.8   13.2   10.6  1007.2  0.00   0.0   0.017   0.000   18.8    69   13.0   18.9  13.01  .0739    114    2    100.0    5 
12/09/11  20:30   13.5   13.5   13.4    77    9.5  11.0     W   0.92  17.0    SW   11.2   13.2   10.9  1007.3  0.00   0.0   0.017   0.000   18.8    69   13.0   18.8  13.02  .0740    114    2    100.0    5 
12/09/11  20:35   13.4   13.5   13.4    77    9.5  12.0   WSW   1.00  24.0   WSW   10.8   13.2   10.5  1007.4  0.00   0.0   0.017   0.000   18.8    69   13.0   18.8  13.02  .0740    114    2    100.0    5 
12/09/11  20:40   13.4   13.4   13.4    78    9.6  10.0   WSW   0.83  17.0    SW   11.3   13.2   11.1  1007.4  0.00   0.0   0.017   0.000   18.7    70   13.1   18.8  13.32  .0740    114    2    100.0    5 
12/09/11  20:45   13.3   13.3   13.3    78    9.5  10.0   WSW   0.83  19.0    SW   11.2   13.1   11.0  1007.5  0.00   0.0   0.018   0.000   18.7    70   13.1   18.7  13.33  .0740    113    2    100.0    5 
12/09/11  20:50   13.2   13.3   13.2    78    9.5  11.0   WSW   0.92  20.0     W   10.8   13.0   10.6  1007.5  0.00   0.0   0.018   0.000   18.7    70   13.1   18.7  13.33  .0740    111    2    100.0    5 
12/09/11  20:55   13.2   13.2   13.1    79    9.6  11.0   WSW   0.92  17.0    SW   10.8   12.9   10.6  1007.4  0.00   0.0   0.018   0.000   18.6    70   13.0   18.7  13.33  .0740    110    2     99.1    5 
12/09/11  21:00   13.2   13.2   13.1    79    9.6  11.0   WSW   0.92  19.0   WSW   10.8   12.9   10.6  1007.5  0.00   0.0   0.018   0.000   18.6    70   13.0   18.7  13.33  .0740    111    2    100.0    5 
12/09/11  21:05   13.2   13.2   13.2    79    9.6  11.0     W   0.92  20.0   WSW   10.8   12.9   10.6  1007.5  0.00   0.0   0.018   0.000   18.6    70   13.0   18.6  13.33  .0740    112    2    100.0    5 
12/09/11  21:10   13.2   13.2   13.2    79    9.6   9.0   WSW   0.75  17.0   WSW   11.4   12.9   11.2  1007.6  0.00   0.0   0.018   0.000   18.6    70   13.0   18.6  13.33  .0740    111    2    100.0    5 
12/09/11  21:15   13.2   13.2   13.2    79    9.7   9.0   WSW   0.75  18.0   WSW   11.6   13.0   11.3  1007.6  0.00   0.0   0.018   0.000   18.5    70   12.9   18.6  13.34  .0741    110    2     99.1    5 
12/09/11  21:20   13.2   13.3   13.2    79    9.7   9.0   WSW   0.75  15.0    SW   11.6   13.0   11.3  1007.8  0.00   0.0   0.018   0.000   18.5    70   12.9   18.6  13.34  .0741    111    2    100.0    5 
12/09/11  21:25   13.3   13.3   13.3    78    9.5  10.0   WSW   0.83  19.0     W   11.2   13.1   11.0  1007.9  0.00   0.0   0.018   0.000   18.4    70   12.9   18.4  13.34  .0741    112    2    100.0    5 
12/09/11  21:30   13.3   13.3   13.3    78    9.5   9.0   WSW   0.75  17.0   WSW   11.6   13.1   11.4  1008.0  0.00   0.0   0.018   0.000   18.4    70   12.9   18.4  13.34  .0741    114    2    100.0    5 
12/09/11  21:35   13.2   13.3   13.2    78    9.5  10.0   WSW   0.83  19.0   WSW   11.2   13.0   10.9  1008.0  0.00   0.0   0.018   0.000   18.4    70   12.9   18.4  13.34  .0741    114    2    100.0    5 
12/09/11  21:40   13.2   13.2   13.2    79    9.6  10.0     W   0.83  18.0    SW   11.1   12.9   10.8  1008.1  0.00   0.0   0.018   0.000   18.4    70   12.8   18.4  13.35  .0741    115    2    100.0    5 
12/09/11  21:45   13.2   13.2   13.1    79    9.6  11.0   WSW   0.92  20.0    SW   10.8   12.9   10.6  1008.0  0.00   0.0   0.018   0.000   18.4    70   12.8   18.4  13.35  .0741    114    2    100.0    5 
12/09/11  21:50   13.1   13.1   13.1    79    9.5  12.0   WSW   1.00  19.0   WSW   10.4   12.9   10.2  1008.0  0.00   0.0   0.018   0.000   18.4    70   12.8   18.4  13.35  .0741    114    2    100.0    5 
12/09/11  21:55   13.1   13.1   13.1    79    9.5  11.0   WSW   0.92  21.0    SW   10.7   12.9   10.5  1008.1  0.00   0.0   0.018   0.000   18.3    70   12.8   18.3  13.35  .0742    115    2    100.0    5 
12/09/11  22:00   13.1   13.1   13.0    80    9.7  10.0   WSW   0.83  20.0    NW   10.9   12.9   10.8  1008.0  0.00   0.0   0.018   0.000   18.3    70   12.8   18.3  13.35  .0741    114    2    100.0    5 
12/09/11  22:05   13.0   13.1   12.9    80    9.6  11.0   WSW   0.92  18.0   WSW   10.6   12.8   10.4  1008.1  0.00   0.0   0.019   0.000   18.3    70   12.7   18.3  13.35  .0742    114    2    100.0    5 
12/09/11  22:10   12.9   12.9   12.9    80    9.6  11.0   WSW   0.92  22.0   WNW   10.5   12.8   10.3  1008.1  0.00   0.0   0.019   0.000   18.3    70   12.7   18.3  13.35  .0742    114    2    100.0    5 
12/09/11  22:15   12.9   12.9   12.9    80    9.6  11.0   WSW   0.92  22.0   WSW   10.5   12.8   10.3  1008.2  0.00   0.0   0.019   0.000   18.3    70   12.7   18.3  13.35  .0742    114    2    100.0    5 
12/09/11  22:20   12.9   12.9   12.8    80    9.5  10.0   WSW   0.83  16.0    SW   10.7   12.7   10.6  1008.3  0.00   0.0   0.019   0.000   18.2    70   12.7   18.2  13.35  .0742    111    2    100.0    5 
12/09/11  22:25   12.8   12.9   12.8    80    9.5  11.0   WSW   0.92  18.0   WSW   10.4   12.7   10.2  1008.3  0.00   0.0   0.019   0.000   18.2    71   12.9   18.2  13.55  .0742    111    2    100.0    5 
12/09/11  22:30   12.8   12.8   12.8    80    9.5   9.0     W   0.75  16.0    SW   11.1   12.7   10.9  1008.4  0.00   0.0   0.019   0.000   18.2    71   12.9   18.2  13.55  .0742    110    2     99.1    5 
12/09/11  22:35   12.8   12.8   12.8    81    9.6   9.0   WSW   0.75  17.0   WSW   11.0   12.6   10.8  1008.4  0.00   0.0   0.019   0.000   18.2    71   12.8   18.2  13.54  .0742    110    2     99.1    5 
12/09/11  22:40   12.8   12.8   12.8    81    9.6  10.0   WSW   0.83  18.0     W   10.6   12.6   10.4  1008.5  0.00   0.0   0.019   0.000   18.2    71   12.8   18.2  13.54  .0742    112    2    100.0    5 
12/09/11  22:45   12.7   12.8   12.7    81    9.5   8.0   WSW   0.67  14.0    SW   11.3   12.6   11.2  1008.4  0.00   0.0   0.019   0.000   18.2    71   12.8   18.2  13.54  .0742    110    2     99.1    5 
12/09/11  22:50   12.6   12.6   12.6    81    9.4   9.0     W   0.75  17.0   WSW   10.8   12.4   10.6  1008.5  0.00   0.0   0.020   0.000   18.1    71   12.8   18.1  13.54  .0742    112    2    100.0    5 
12/09/11  22:55   12.6   12.6   12.5    82    9.6   9.0   WSW   0.75  17.0    SW   10.7   12.4   10.6  1008.7  0.00   0.0   0.020   0.000   18.1    71   12.8   18.1  13.54  .0743    111    2    100.0    5 
12/09/11  23:00   12.5   12.5   12.4    82    9.5   9.0   WSW   0.75  19.0   WSW   10.7   12.4   10.6  1008.5  0.00   0.0   0.020   0.000   18.1    71   12.8   18.1  13.54  .0742    113    2    100.0    5 
12/09/11  23:05   12.4   12.4   12.3    82    9.4   9.0   WSW   0.75  18.0    SW   10.6   12.3   10.4  1008.5  0.00   0.0   0.021   0.000   18.1    71   12.7   18.1  13.54  .0743    115    2    100.0    5 
12/09/11  23:10   12.3   12.4   12.3    82    9.3   9.0   WSW   0.75  16.0   SSW   10.4   12.2   10.3  1008.5  0.00   0.0   0.021   0.000   18.1    71   12.7   18.1  13.54  .0743    113    2    100.0    5 
12/09/11  23:15   12.3   12.3   12.2    83    9.5   9.0   WSW   0.75  17.0    SW   10.4   12.2   10.3  1008.4  0.00   0.0   0.021   0.000   18.1    71   12.7   18.1  13.54  .0743    114    2    100.0    5 
12/09/11  23:20   12.2   12.2   12.2    83    9.4   8.0   WSW   0.67  15.0   WSW   10.7   12.1   10.6  1008.4  0.00   0.0   0.021   0.000   18.0    71   12.7   17.9  13.54  .0743    114    2    100.0    5 
12/09/11  23:25   12.2   12.2   12.1    83    9.4   8.0   WSW   0.67  13.0   WSW   10.7   12.1   10.6  1008.5  0.00   0.0   0.021   0.000   18.0    71   12.7   17.9  13.54  .0743    115    2    100.0    5 
12/09/11  23:30   12.1   12.1   12.1    84    9.5   8.0   WSW   0.67  14.0     W   10.6   12.1   10.6  1008.3  0.00   0.0   0.022   0.000   18.0    71   12.7   17.9  13.54  .0743    114    2    100.0    5 
12/09/11  23:35   12.1   12.1   12.1    84    9.5   8.0     W   0.67  17.0   WSW   10.6   12.1   10.6  1008.4  0.00   0.0   0.022   0.000   18.0    71   12.7   17.9  13.54  .0743    114    2    100.0    5 
12/09/11  23:40   12.1   12.1   12.0    84    9.4   8.0   WSW   0.67  14.0     W   10.5   12.0   10.4  1008.5  0.00   0.0   0.022   0.000   17.9    71   12.6   17.9  13.54  .0743    115    2    100.0    5 
12/09/11  23:45   12.1   12.1   12.0    84    9.4   7.0   WSW   0.58  13.0    SW   10.9   12.0   10.8  1008.4  0.00   0.0   0.022   0.000   17.9    71   12.6   17.9  13.54  .0743    113    2    100.0    5 
12/09/11  23:50   12.0   12.1   11.9    84    9.4   7.0   WSW   0.58  13.0   WSW   10.8   11.9   10.8  1008.5  0.00   0.0   0.022   0.000   17.9    71   12.6   17.8  13.53  .0743    112    2    100.0    5 
12/09/11  23:55   11.9   12.0   11.9    84    9.3   8.0   WSW   0.67  13.0     W   10.4   11.9   10.3  1008.6  0.00   0.0   0.022   0.000   17.9    71   12.6   17.8  13.53  .0743    111    2    100.0    5 
13/09/11  00:00   12.0   12.0   11.9    84    9.4   8.0   WSW   0.67  17.0   WSW   10.4   11.9   10.4  1008.5  0.00   0.0   0.022   0.000   17.9    71   12.6   17.8  13.53  .0743    112    2    100.0    5 
13/09/11   0:05   12.0   12.0   12.0    84    9.4   8.0   WSW   0.67  17.0   WSW   10.4   11.9   10.4  1008.5  0.00   0.0   0.022   0.000   17.9    71   12.6   17.8  13.53  .0743    111    2    100.0    5 
13/09/11   0:10   12.0   12.0   12.0    84    9.4   7.0   WSW   0.58  14.0   WNW   10.8   11.9   10.8  1008.4  0.00   0.0   0.022   0.000   17.8    71   12.5   17.8  13.53  .0743    111    2    100.0    5 
13/09/11   0:15   12.0   12.0   12.0    84    9.4   8.0   WSW   0.67  18.0    SW   10.4   11.9   10.4  1008.6  0.00   0.0   0.022   0.000   17.8    71   12.5   17.8  13.53  .0743    112    2    100.0    5 
13/09/11   0:20   12.0   12.1   12.0    84    9.4   7.0   WSW   0.58  16.0   WSW   10.8   11.9   10.8  1008.5  0.00   0.0   0.022   0.000   17.8    71   12.5   17.8  13.53  .0743    111    2    100.0    5 
13/09/11   0:25   12.0   12.1   12.0    85    9.6   8.0   WSW   0.67  16.0   WSW   10.4   11.9   10.4  1008.5  0.00   0.0   0.022   0.000   17.8    71   12.4   17.7  13.53  .0743    112    2    100.0    5 
13/09/11   0:30   12.0   12.0   12.0    85    9.6   8.0     W   0.67  16.0   WSW   10.4   11.9   10.4  1008.7  0.00   0.0   0.022   0.000   17.8    71   12.4   17.7  13.53  .0744    112    2    100.0    5 
13/09/11   0:35   11.9   12.0   11.9    85    9.5   8.0   WSW   0.67  15.0   WSW   10.4   11.9   10.3  1008.7  0.00   0.0   0.022   0.000   17.8    71   12.4   17.7  13.53  .0744    114    2    100.0    5 
13/09/11   0:40   11.9   11.9   11.9    86    9.6   8.0   WSW   0.67  18.0   WSW   10.3   11.8   10.3  1008.8  0.00   0.0   0.022   0.000   17.8    71   12.4   17.7  13.53  .0744    115    2    100.0    5 
13/09/11   0:45   11.9   11.9   11.8    86    9.6   7.0   WSW   0.58  12.0   WSW   10.7   11.8   10.7  1008.7  0.00   0.0   0.022   0.000   17.7    71   12.4   17.6  13.53  .0744    113    2    100.0    5 
13/09/11   0:50   11.8   11.8   11.8    86    9.6   7.0   WSW   0.58  17.0   WNW   10.7   11.8   10.6  1008.8  0.00   0.0   0.023   0.000   17.7    71   12.4   17.6  13.53  .0744    112    2    100.0    5 
13/09/11   0:55   11.8   11.8   11.8    87    9.7   8.0   WSW   0.67  15.0     W   10.2   11.8   10.2  1008.9  0.00   0.0   0.023   0.000   17.7    71   12.4   17.6  13.53  .0744    114    2    100.0    5 
13/09/11   1:00   11.8   11.8   11.8    87    9.7   7.0     W   0.58  13.0   WSW   10.6   11.8   10.6  1009.1  0.00   0.0   0.023   0.000   17.7    72   12.6   17.7  13.75  .0744    115    2    100.0    5 
13/09/11   1:05   11.8   11.8   11.8    87    9.7   8.0   WSW   0.67  16.0    SW   10.2   11.8   10.2  1009.1  0.00   0.0   0.023   0.000   17.7    72   12.6   17.6  13.75  .0744    113    2    100.0    5 
13/09/11   1:10   11.8   11.8   11.8    87    9.7   8.0   WSW   0.67  14.0    SW   10.3   11.8   10.3  1009.0  0.00   0.0   0.023   0.000   17.7    72   12.6   17.6  13.75  .0744    114    2    100.0    5 
13/09/11   1:15   11.8   11.8   11.8    87    9.7   9.0   WSW   0.75  16.0     W    9.9   11.8    9.9  1009.0  0.00   0.0   0.023   0.000   17.7    72   12.6   17.6  13.75  .0744    113    2    100.0    5 
13/09/11   1:20   11.8   11.8   11.8    87    9.7  10.0   WSW   0.83  23.0    SW    9.6   11.8    9.6  1009.1  0.00   0.0   0.023   0.000   17.7    72   12.6   17.6  13.75  .0744    111    2    100.0    5 
13/09/11   1:25   11.8   11.8   11.8    87    9.7   9.0   WSW   0.75  17.0    SW    9.8   11.8    9.8  1009.0  0.00   0.0   0.023   0.000   17.6    72   12.5   17.6  13.75  .0744    112    2    100.0    5 
13/09/11   1:30   11.8   11.8   11.7    87    9.7   9.0   WSW   0.75  20.0   WSW    9.8   11.8    9.8  1009.0  0.00   0.0   0.023   0.000   17.6    72   12.5   17.6  13.75  .0744    111    2    100.0    5 
13/09/11   1:35   11.7   11.7   11.7    88    9.8   9.0   WSW   0.75  16.0     W    9.7   11.7    9.7  1009.0  0.00   0.0   0.023   0.000   17.6    72   12.5   17.6  13.75  .0744    111    2    100.0    5 
13/09/11   1:40   11.7   11.7   11.7    88    9.8  10.0   WSW   0.83  18.0    SW    9.4   11.7    9.4  1009.1  0.00   0.0   0.023   0.000   17.6    72   12.5   17.6  13.75  .0744    111    2    100.0    5 
